1.3968461575e+04	1.3007872425e+04	1.2710472446e+04	8.9558266843e+03	5.4379333057e+04	1.7832993948e+04	3.1881581429e+04	1.1612377086e+04	8.0523347633e+04	4.4742309209e+04	9.7800606202e+03	1.6004447528e+04	9.1037647071e+03	9.8820940632e+03	1.2672917682e+04	1.4287298655e+04	9.8821921558e+03	5.3390845663e+04	1.9106402796e+05	1.2742496831e+04	8.4698094159e+05	1.5472989549e+04	1.2319684711e+04	1.4346905777e+04	1.7585613958e+04	2.1105959203e+04	1.7582589791e+04	1.9009245408e+04	1.6651204223e+04	2.8176086734e+04
1.0653858107e+04	8.9017039122e+03	1.2710472446e+04	8.9558266843e+03	1.4595876330e+04	1.6582335970e+04	9.8671119070e+03	1.0072797063e+04	1.1327094042e+04	1.2161677466e+04	9.0277723183e+03	9.8291438097e+03	6.1640702332e+03	9.8820940632e+03	1.2672917682e+04	1.2422564917e+04	9.8821921558e+03	1.3186780061e+04	1.5047056912e+04	1.2742496831e+04	2.1831419963e+04	1.1971493346e+04	8.7144408160e+03	8.8359677226e+03	1.1599974186e+04	7.7360768886e+03	1.3271277426e+04	1.4128929273e+04	1.0619695145e+04	1.3596936814e+04
1.0653858107e+04	8.9017039122e+03	1.2710472446e+04	7.5595371609e+03	1.4595876330e+04	1.3350007784e+04	9.8671119070e+03	1.0072797063e+04	9.9979731534e+03	1.1367704617e+04	9.0277723183e+03	7.9260703503e+03	6.1640702332e+03	9.8820940632e+03	1.2672917682e+04	1.2422564917e+04	9.7621245588e+03	9.4679949538e+03	7.7965912757e+03	1.2527055593e+04	1.5319007876e+04	1.1378691243e+04	8.7144408160e+03	7.8568166130e+03	1.1056934537e+04	7.7360768886e+03	1.1680864637e+04	1.0549839322e+04	9.8921782301e+03	1.3187432912e+04
7.8231365022e+03	8.9017039122e+03	1.2710472446e+04	7.5595371609e+03	1.4595876330e+04	1.0228497872e+04	9.8671119070e+03	1.0072797063e+04	9.9979731534e+03	8.8381198079e+03	9.0277723183e+03	7.9260703503e+03	5.5467537321e+03	9.8820940632e+03	1.1358111161e+04	1.0736774233e+04	6.8315346858e+03	9.4679949538e+03	7.7965912757e+03	1.0473500005e+04	1.5319007876e+04	9.6306062983e+03	8.7144408160e+03	7.8568166130e+03	1.0386150319e+04	7.7360768886e+03	1.1680864637e+04	1.0164159084e+04	9.8921782301e+03	1.3187432912e+04
4.4004682172e+03	8.9017039122e+03	1.0914844447e+04	6.5246845016e+03	1.3610261480e+04	1.0228497872e+04	9.8671119070e+03	1.0072797063e+04	7.8015133706e+03	8.8381198079e+03	9.0277723183e+03	5.4075707061e+03	3.2423082670e+03	9.2521498695e+03	1.1358111161e+04	1.0736774233e+04	6.8315346858e+03	9.4679949538e+03	4.2816780362e+03	1.0473500005e+04	1.4911751650e+04	9.6306062983e+03	8.7144408160e+03	7.8568166130e+03	1.0315913380e+04	7.7360768886e+03	1.0814776326e+04	7.9721520562e+03	9.1017948295e+03	1.2830859595e+04
4.0096514427e+03	8.3866436460e+03	1.0914844447e+04	6.4449826499e+03	1.3282593407e+04	1.0228497872e+04	9.8671119070e+03	1.0072797063e+04	7.8015133706e+03	8.8381198079e+03	6.9983578799e+03	5.4075707061e+03	3.2423082670e+03	6.9523061135e+03	1.1358111161e+04	1.0736774233e+04	6.8315346858e+03	9.4679949538e+03	4.2816780362e+03	8.9107347095e+03	1.3213718128e+04	9.6306062983e+03	8.7144408160e+03	7.8568166130e+03	8.7210066595e+03	7.7360768886e+03	9.0031622287e+03	7.8128635284e+03	7.2983634627e+03	1.2830859595e+04
4.0096514427e+03	7.8745337225e+03	1.0914844447e+04	6.4449826499e+03	9.0113425138e+03	1.0228497872e+04	8.4063150564e+03	1.0072797063e+04	6.3610213548e+03	5.7735941884e+03	5.0914980728e+03	4.3988484281e+03	2.1878428262e+03	6.6376345523e+03	1.1358111161e+04	1.0736774233e+04	6.2579527520e+03	9.4679949538e+03	4.2816780362e+03	5.8621785163e+03	1.3213718128e+04	9.6306062983e+03	8.4264314234e+03	7.8568166130e+03	8.7210066595e+03	5.8648278350e+03	8.5841196548e+03	7.8128635284e+03	7.2983634627e+03	8.7872178588e+03
2.5540809796e+03	7.6093078718e+03	1.0610621996e+04	4.5424682860e+03	6.2901666691e+03	6.9756123812e+03	7.8415520522e+03	9.7609021985e+03	5.6107984878e+03	2.8685408023e+03	1.8122730250e+03	4.2914103839e+03	1.7296674359e+03	5.6618134642e+03	1.1358111161e+04	9.1645535679e+03	5.6027988056e+03	9.4679949538e+03	4.2816780362e+03	4.3985968929e+03	9.4724132142e+03	9.4579660942e+03	6.7655804663e+03	7.8568166130e+03	7.9853789972e+03	4.8454505544e+03	6.9073402355e+03	7.7366985476e+03	6.1014513755e+03	8.1090369746e+03
2.5540809796e+03	3.1396225166e+03	6.6209720299e+03	4.5424682860e+03	5.1385768909e+03	5.7797557115e+03	6.3966962672e+03	7.7971443151e+03	5.6107984878e+03	2.8685408023e+03	9.8801714653e+02	3.7475397926e+03	9.1518690685e+02	2.5599133456e+03	8.6658922798e+03	8.1995407866e+03	4.9973271665e+03	9.4679949538e+03	3.3106939464e+03	4.3985968929e+03	8.6664212256e+03	7.7906036962e+03	6.2150211276e+03	7.1203577975e+03	7.0022521530e+03	3.0612348298e+03	6.0968572005e+03	5.0463444652e+03	3.8643295607e+03	6.1730786062e+03
2.0425572298e+03	2.8566717920e+03	5.1061355700e+03	1.0881589644e+03	4.6510788281e+03	2.6691382691e+03	5.4302658664e+03	4.8179759773e+03	3.9984241338e+03	2.4601352055e+03	5.0695279857e+02	1.4076102578e+03	7.1118299901e+02	2.5599133456e+03	5.9763236559e+03	5.6460752575e+03	2.7076812314e+03	6.1203788523e+03	1.7896812556e+03	3.9141881143e+03	6.0215193373e+03	3.1384332908e+03	3.4388742831e+03	2.1445991069e+03	6.1940167490e+03	1.9315807141e+03	2.5067479314e+03	2.5059277213e+03	2.7535597729e+03	2.7144494652e+03
3.3158278090e+02	1.8233196734e+03	3.1865455295e+03	9.5513934505e+02	2.1793915846e+03	2.1221096761e+03	2.0738387154e+03	2.7404711349e+03	2.3599493766e+03	9.5112216298e+02	1.3834255584e+02	1.2563664056e+03	1.4615620744e+02	7.2323287624e+02	3.4580464217e+03	2.4030178702e+03	1.5372489477e+03	2.8631374720e+03	8.2308984555e+02	1.4546255022e+03	4.4654130585e+03	1.0961918894e+03	1.5026931066e+03	1.4815225624e+03	3.4363366232e+03	1.0598461532e+03	1.1976280698e+03	1.4020884043e+03	1.4201334836e+03	1.1528323655e+03
1.8953657339e+01	7.3742556552e+02	8.2877056095e+02	8.1007129888e+01	6.3341115621e+02	1.1393168702e+03	5.9536967338e+02	4.8032539319e+02	5.7059902072e+02	1.9988396338e+02	3.0690749255e+01	1.2666347801e+02	2.2646402206e+01	3.7734958146e+02	6.0381701565e+02	1.9032988688e+02	7.6947596997e+02	8.3512623119e+02	4.4824173173e+02	3.2911597586e+02	1.2519205641e+03	1.2549528792e+02	1.8888663132e+02	1.6611691150e+02	7.2712599425e+02	1.9512309298e+02	1.0402137720e+02	1.3240267750e+02	1.8438199525e+02	2.4776778998e+02
4.9716984950e-01	2.7202286886e+01	2.4424817640e+01	9.6459914798e-01	6.1003893794e+00	2.0435355577e+01	2.0306686317e+01	1.2022920147e+01	4.1140181178e+00	9.0693608558e-01	6.6087847194e-01	2.0195962666e+00	7.3622309168e-01	9.2680316099e+00	7.2885371239e+00	1.7139460593e+00	4.3953164059e+00	1.5548432859e+01	1.6662849955e+01	1.1075159958e+00	3.5649422996e+01	7.3476236295e-01	5.3963326592e-01	1.0223251627e+00	1.0779368047e+01	2.2749904540e+00	7.7849097936e-01	1.2025465972e+00	5.3173536095e-01	1.0638557521e+00
8.0068415264e-03	6.7058296220e-03	5.8109281364e-03	7.6438606613e-03	4.8063467237e-03	7.5047923699e-03	1.0168241943e-02	7.2620669471e-03	1.0157501159e-02	9.5215124925e-03	7.9883422246e-03	8.6316284717e-03	6.3497800297e-03	1.4168705547e-02	4.8465766104e-03	1.0853154686e-02	6.2782866005e-03	5.2236363989e-03	7.9149238365e-03	6.3652873898e-03	5.2252661154e-03	9.7534911611e-03	6.4458800130e-03	1.2013584705e-02	6.3534090391e-03	1.6068362994e-02	9.9221358341e-03	1.0551685381e-02	6.0755390938e-03	8.2132510605e-03
1.4099549099e-04	6.7339552174e-06	6.3269709472e-06	4.4245578010e-06	3.8096291007e-05	1.7164359747e-05	5.0527212920e-06	1.4539273411e-04	6.5758689516e-06	6.9057492169e-06	8.1798363567e-06	4.7267344598e-06	2.5104176871e-06	9.5039177381e-06	3.1203268350e-05	5.9016579712e-06	5.8086443460e-06	7.2992382343e-06	1.0744686222e-05	1.0186708039e-05	5.6573945244e-06	4.1305084437e-06	4.3051566649e-06	1.1829347443e-05	1.4936074535e-05	6.4411731842e-06	8.4505553559e-06	4.9949308618e-06	1.5385140557e-05	1.0505400496e-05
1.3749384544e-04	1.3885141925e-09	1.2184102616e-08	1.6973388028e-07	3.8096291007e-05	1.8283117242e-09	1.8358144871e-07	1.4539273411e-04	4.0159221726e-07	2.5028725759e-09	8.1798363567e-06	8.5951228357e-09	9.6199528343e-09	7.1421482062e-09	3.1203268350e-05	4.9604477681e-07	3.7908193917e-08	4.5447450248e-09	2.1576113340e-08	8.9556806415e-10	4.3749764700e-08	3.9883479417e-06	2.6197920988e-07	2.1997954036e-07	2.8592239687e-11	1.0040025700e-08	2.0842526283e-07	3.5880185578e-07	1.5385140557e-05	1.0505400496e-05
2.0000000000e+05	2.0000000000e+05	2.0000000000e+05	2.0000000000e+05	2.0000000000e+05	2.0000000000e+05	2.0000000000e+05	2.0000000000e+05	2.0000000000e+05	2.0000000000e+05	2.0000000000e+05	2.0000000000e+05	2.0000000000e+05	2.0000000000e+05	2.0000000000e+05	2.0000000000e+05	2.0000000000e+05	2.0000000000e+05	2.0000000000e+05	2.0000000000e+05	2.0000000000e+05	2.0000000000e+05	2.0000000000e+05	2.0000000000e+05	2.0000000000e+05	2.0000000000e+05	2.0000000000e+05	2.0000000000e+05	2.0000000000e+05	2.0000000000e+05
