6.6823272213e+01	6.4451058587e+01	6.8160413573e+01	7.6752010798e+01	6.4238919452e+01	6.6244230820e+01	5.7259695615e+01	5.8002424711e+01	7.4360560159e+01	6.0836343340e+01	5.9511762017e+01	7.9413922138e+01	7.6668155343e+01	6.4131024341e+01	5.1085672915e+01	3.2857496256e+01	7.1558637543e+01	6.6485398837e+01	8.0934727513e+01	7.0462774972e+01	5.5462264411e+01	7.1870557833e+01	6.3419489219e+01	6.0221054707e+01	6.5265440410e+01	7.5838785993e+01	6.4130125681e+01	6.8355380779e+01	6.1234399057e+01	6.9521985151e+01
5.2476619304e+01	6.0756009456e+01	5.3505352864e+01	6.9427103490e+01	5.1719051529e+01	5.5615436353e+01	4.3386951154e+01	4.8600467187e+01	4.4457623579e+01	4.7063523422e+01	4.5140519407e+01	7.0322366962e+01	6.5787351435e+01	6.4131024341e+01	3.3568894675e+01	3.2857496256e+01	5.0781999729e+01	6.6485398837e+01	6.0859832561e+01	6.4129854208e+01	4.0103579189e+01	5.6877782299e+01	6.3419489219e+01	4.3474699393e+01	6.5063018515e+01	5.6885120578e+01	4.5157657107e+01	5.2994769133e+01	4.5459846878e+01	5.2728464561e+01
2.7430553296e+01	3.1472704466e+01	3.3383041362e+01	3.8646153548e+01	3.0099767336e+01	3.4741806936e+01	3.4961857141e+01	3.2429160979e+01	3.9163514628e+01	3.2178465382e+01	2.5306345638e+01	5.6917384369e+01	4.3737541472e+01	5.5638852738e+01	2.2421690507e+01	2.5002750728e+01	4.9796566397e+01	5.3909084136e+01	3.0525785557e+01	4.5675904016e+01	2.2412226752e+01	4.2959286430e+01	5.1459029343e+01	2.8942015916e+01	3.1489187897e+01	4.8340690134e+01	2.9832785213e+01	4.9226364001e+01	3.6484393286e+01	4.2569042569e+01
1.7027368345e+01	1.8942455072e+01	2.4731410706e+01	1.8971157486e+01	2.2359044644e+01	2.3978679969e+01	2.6095012910e+01	2.6019969515e+01	2.3925908370e+01	1.9174540141e+01	1.5028394689e+01	2.7922878677e+01	2.8155182461e+01	2.3862659984e+01	1.5895867597e+01	1.0390593397e+01	2.5459458854e+01	2.4319025279e+01	1.7705279886e+01	2.0022639886e+01	1.8026531682e+01	1.5431821974e+01	3.8810373210e+01	2.6899268860e+01	1.4856991154e+01	3.6899649332e+01	2.0147338226e+01	1.9875503293e+01	1.4889721383e+01	3.1548582128e+01
9.5928619025e+00	1.7913632742e+01	9.8240865265e+00	1.4368945701e+01	1.2931508493e+01	1.5557709353e+01	1.7846783292e+01	2.2220034634e+01	1.8666786236e+01	9.9163993454e+00	1.4777469813e+01	1.9290830464e+01	1.2492530783e+01	1.4800439441e+01	1.1427110929e+01	6.2849593591e+00	1.0241268715e+01	1.4006169461e+01	1.0488589314e+01	9.9064846371e+00	1.5653263598e+01	7.7306027283e+00	1.1092637904e+01	1.9442672308e+01	1.0782066690e+01	1.3660085720e+01	1.2446687170e+01	1.2664875596e+01	9.2208344821e+00	1.9693061037e+01
9.2180891926e+00	1.3344841054e+01	9.4813077233e+00	1.1741292077e+01	1.2891381542e+01	1.1756225454e+01	5.4632310422e+00	1.3801407115e+01	1.8666786236e+01	9.9163993454e+00	1.4777469813e+01	1.8915219284e+01	9.0333740858e+00	9.8061883848e+00	7.9679198647e+00	6.2849593591e+00	1.0241268715e+01	9.1804613064e+00	1.0488589314e+01	9.9064846371e+00	1.5408068230e+01	7.7306027283e+00	7.1770265330e+00	1.0276412700e+01	5.7769662129e+00	8.8934267663e+00	1.2446687170e+01	1.2664875596e+01	9.2208344821e+00	6.1779497696e+00
3.9017860320e+00	1.3344841054e+01	5.2754296723e+00	5.8264156922e+00	4.6730483202e+00	5.5996072493e+00	5.4632310422e+00	9.5319343996e+00	1.1622923814e+01	9.9163993454e+00	1.4777469813e+01	1.2236476923e+01	8.0058880971e+00	8.7308552514e+00	3.3481458150e+00	4.1356177483e+00	1.0241268715e+01	9.1804613064e+00	6.0908849833e+00	7.5233233762e+00	7.2014853921e+00	7.7306027283e+00	7.1770265330e+00	7.0142819963e+00	5.3666602900e+00	8.8934267663e+00	1.2446687170e+01	1.2664875596e+01	3.4508817768e+00	6.1779497696e+00
2.0552672134e+00	8.6008747138e+00	4.0222060194e+00	3.8844251784e+00	4.6730483202e+00	5.5996072493e+00	5.4632310422e+00	2.8019013577e+00	2.8197616811e+00	8.8605688712e+00	9.1532975538e+00	4.4837674549e+00	8.0058880971e+00	8.7308552514e+00	3.3481458150e+00	3.0638667961e+00	1.0241268715e+01	2.4100930645e+00	3.8437291674e+00	7.5233233762e+00	2.8918591021e+00	7.7306027283e+00	4.4957762129e+00	2.8717834017e+00	4.8073722660e+00	8.8934267663e+00	1.2446687170e+01	1.2664875596e+01	3.4508817768e+00	6.1779497696e+00
2.0552672134e+00	8.1376295081e+00	4.0222060194e+00	3.8844251784e+00	3.6164233007e+00	5.5996072493e+00	5.4632310422e+00	2.8019013577e+00	2.8197616811e+00	7.4140950926e+00	7.9883891648e+00	2.2983017008e+00	4.1759091730e+00	3.2612358488e+00	1.8640865519e+00	3.0638667961e+00	6.1386617304e+00	1.8629126881e+00	3.8437291674e+00	1.6977086285e+00	2.8918591021e+00	3.7349057706e+00	4.4957762129e+00	2.8717834017e+00	2.7040567944e+00	2.6919713939e+00	4.1105368857e+00	1.2664875596e+01	3.4508817768e+00	6.1779497696e+00
8.6534817714e-01	5.8457652034e+00	3.7261531442e+00	2.3729091399e+00	2.9484675970e+00	5.5996072493e+00	2.5125078675e+00	2.8019013577e+00	1.9154821136e+00	3.3227447135e+00	7.1440297267e+00	1.0601557597e+00	4.1759091730e+00	1.6160911078e+00	1.8640865519e+00	3.0638667961e+00	5.0835277073e+00	1.8629126881e+00	1.8714339138e+00	1.2099720237e+00	1.4868996412e+00	2.9077476580e+00	4.4957762129e+00	1.5426338253e+00	2.7040567944e+00	1.3915227863e+00	1.6549519083e+00	7.2173191270e+00	3.4508817768e+00	1.8558695737e+00
8.6534817714e-01	5.3935524630e+00	1.7437504735e+00	9.1563482216e-01	2.4328114956e+00	3.5870402741e+00	2.1282559764e+00	1.2982356684e+00	1.7994176394e+00	3.2297218148e+00	6.1634443064e+00	1.0601557597e+00	1.0104565970e+00	1.6160911078e+00	1.8640865519e+00	2.6499665091e+00	1.6278623977e+00	1.7753286422e+00	1.2303508193e+00	1.2099720237e+00	1.4868996412e+00	1.4551314025e+00	3.5933769521e+00	5.8860584718e-01	1.7665776549e+00	9.4822660138e-01	8.7020856293e-01	1.9809297146e+00	1.7584517114e+00	1.8558695737e+00
4.5146038705e-01	3.5409009804e+00	1.4499018827e+00	5.1133541672e-01	5.7768212631e-01	1.2052572625e+00	4.9323187105e-01	1.1627792746e+00	7.7061664299e-01	2.1454648923e+00	5.7773991183e+00	8.1724026060e-01	9.8179973997e-01	9.3581907313e-01	1.0553177365e+00	9.6737808764e-01	9.0717693568e-01	3.9245640959e-01	1.1952970251e+00	2.7438982300e-01	1.0939326607e+00	1.1588710683e+00	1.2469019817e+00	5.8860584718e-01	1.2592527190e+00	4.9511961354e-01	3.0071589097e-01	1.5965653562e+00	4.3137841086e-01	1.0953393145e+00
2.2779485868e-01	2.2051119876e+00	1.4979406157e-01	8.4309367391e-02	1.8766158005e-01	3.3064969312e-01	8.5612984466e-02	2.4412039221e-01	5.4231991583e-01	1.7586129081e+00	2.1478827543e+00	5.1994448277e-01	1.4385392492e-01	1.9237033674e-01	2.4414274472e-01	3.4172723681e-01	1.7109449598e-01	1.5114781931e-01	1.4869533113e-01	1.5184368502e-01	3.9644267674e-01	2.5390854464e-01	2.3164567206e-01	1.1556948669e-01	7.8042828180e-02	1.8394747481e-01	1.4328383607e-01	1.8711643540e-01	1.7436129859e-01	1.8458094359e-01
5.3846977354e-02	1.7735103516e+00	2.7087406878e-02	2.0092847619e-02	2.9668886191e-02	2.6768505955e-02	2.0083651023e-02	1.7350414109e-02	1.0690515362e-01	8.7567675150e-01	1.3269475852e+00	1.2029267190e-01	3.2503686458e-02	2.1818108896e-02	4.3545766976e-02	1.9317451429e-01	4.5528041576e-02	3.1024316171e-02	8.3989428655e-02	3.7835316162e-02	2.1233528096e-02	1.1041206169e-02	1.8713411584e-02	1.3998442433e-02	2.8678310957e-02	1.7382809395e-02	4.8280719099e-02	1.6981530822e-02	1.6200385493e-02	1.2372241901e-02
1.3435607043e-02	1.6137176977e+00	5.4273140006e-04	2.2681121872e-03	4.2463653003e-03	1.6035471267e-03	4.5142313184e-04	8.3297292906e-04	5.8548833715e-02	8.0143411153e-01	1.1105080785e+00	1.0340845691e-01	3.4315599503e-03	3.0661881465e-04	7.5139076341e-04	9.7275448986e-02	9.6435736161e-03	4.0387718298e-04	2.7129723112e-02	1.8095716039e-02	4.3237058833e-04	7.0946558412e-04	6.5128961273e-04	9.5425757775e-04	2.6692859559e-03	1.3385261353e-03	2.0045958443e-02	1.4061462023e-03	8.6218330307e-04	1.0166264010e-03
1.2070450309e-02	1.6120390844e+00	9.4155836905e-07	8.2042710073e-04	2.7349397708e-03	9.4877043466e-07	9.2463767487e-07	1.0543911912e-06	5.6325482244e-02	8.0043738406e-01	1.0964213470e+00	1.0340845691e-01	1.6130759122e-03	3.9585337390e-06	7.5009779721e-07	9.5990191649e-02	4.8565063992e-03	7.7828588019e-07	2.5974524405e-02	1.2129487730e-02	4.9293175834e-06	1.5466952163e-06	3.9971804426e-06	1.6000902076e-04	1.1292202936e-03	3.8767246303e-04	1.8553732423e-02	1.0590566717e-06	5.7790805386e-07	9.8611451449e-07
2.0000000000e+05	2.0000000000e+05	2.0000000000e+05	2.0000000000e+05	2.0000000000e+05	2.0000000000e+05	2.0000000000e+05	2.0000000000e+05	2.0000000000e+05	2.0000000000e+05	2.0000000000e+05	2.0000000000e+05	2.0000000000e+05	2.0000000000e+05	2.0000000000e+05	2.0000000000e+05	2.0000000000e+05	2.0000000000e+05	2.0000000000e+05	2.0000000000e+05	2.0000000000e+05	2.0000000000e+05	2.0000000000e+05	2.0000000000e+05	2.0000000000e+05	2.0000000000e+05	2.0000000000e+05	2.0000000000e+05	2.0000000000e+05	2.0000000000e+05
